version https://git-lfs.github.com/spec/v1
oid sha256:1d81aa852cd2928f622dc4376a689bd7abfb82aa2ef50ce5649b97151409b74d
size 73250439
